cam0:
  cam_overlaps: [1]
  camera_model: pinhole
  distortion_coeffs: [-0.10995984323008134, 0.04856475794033177, 0.00045738477161912295, 0.0013026524806697783]
  distortion_model: radtan
  intrinsics: [480.5215563761528, 480.9653955191699, 639.2035047644844, 380.7532656975425]
  resolution: [1280, 720]
  rostopic: /zed/zed_node/left_raw/image_raw_color/compressed
cam1:
  T_cn_cnm1:
  - [0.9999522805358473, 0.0007822459170404164, -0.009737799673648212, -0.12062695189332828]
  - [-0.000785846502636047, 0.9999996242691961, -0.00036593270091074353, -3.709453374928897e-05]
  - [0.00973750976549571, 0.0003735676546152469, 0.9999525195481909, -0.001718093804865615]
  - [0.0, 0.0, 0.0, 1.0]
  cam_overlaps: [0]
  camera_model: pinhole
  distortion_coeffs: [-0.10509679187485506, 0.040559436708843925, 0.00012039055296636712, 0.0004109171422233124]
  distortion_model: radtan
  intrinsics: [479.6629321650424, 479.43698273521284, 656.464796670947, 385.0423319174531]
  resolution: [1280, 720]
  rostopic: /zed/zed_node/right_raw/image_raw_color/compressed
