cam0:
  T_cam_imu:
  - [0.0029652873894703558, -0.9999485728694513, 0.009698385795842979, 0.021666048550923602]
  - [-0.005839071134698448, -0.009715576884921168, -0.9999357543432861, 0.0011996326682004062]
  - [0.9999785559295666, 0.002908467318080976, -0.00586758032564319, -0.16174885851010717]
  - [0.0, 0.0, 0.0, 1.0]
  cam_overlaps: [1]
  camera_model: pinhole
  distortion_coeffs: [-0.10995984323008134, 0.04856475794033177, 0.00045738477161912295, 0.0013026524806697783]
  distortion_model: radtan
  intrinsics: [480.5215563761528, 480.9653955191699, 639.2035047644844, 380.7532656975425]
  resolution: [1280, 720]
  rostopic: /zed/zed_node/left_raw/image_raw_color/compressed
  timeshift_cam_imu: 0.003440906941720082
cam1:
  T_cam_imu:
  - [-0.006777012557595524, -0.9999367779018244, 0.008972864654711754, -0.0973859208452625]
  - [-0.006207324055327923, -0.008930831448975302, -0.9999408529396638, 0.001204700691896317]
  - [0.9999577697227351, -0.006832309195841324, -0.006146407258397685, -0.16324785090278449]
  - [0.0, 0.0, 0.0, 1.0]
  T_cn_cnm1:
  - [0.9999522805358473, 0.0007822459170404164, -0.009737799673648215, -0.12062695189332828]
  - [-0.000785846502636047, 0.9999996242691961, -0.00036593270091074364, -3.709453374928897e-05]
  - [0.009737509765495714, 0.000373567654615247, 0.9999525195481909, -0.001718093804865615]
  - [0.0, 0.0, 0.0, 1.0]
  cam_overlaps: [0]
  camera_model: pinhole
  distortion_coeffs: [-0.10509679187485506, 0.040559436708843925, 0.00012039055296636712, 0.0004109171422233124]
  distortion_model: radtan
  intrinsics: [479.6629321650424, 479.43698273521284, 656.464796670947, 385.0423319174531]
  resolution: [1280, 720]
  rostopic: /zed/zed_node/right_raw/image_raw_color/compressed
  timeshift_cam_imu: 0.0035396161236427416
