#Accelerometer
accelerometer_noise_density: 0.001871868977865804 
accelerometer_random_walk: 0.0001721600457155603 

#Gyroscope
gyroscope_noise_density: 0.00010410161549574341 
gyroscope_random_walk: 7.681520515598604e-07 

rostopic: '/zed/zed_node/imu/data_raw' #Make sure this is correct
update_rate: 360.0 #Make sure this is correct

