#Accelerometer
accelerometer_noise_density: 0.0031743312682817144 
accelerometer_random_walk: 0.0005886170451581458 

#Gyroscope
gyroscope_noise_density: 0.0001507107153287601 
gyroscope_random_walk: 2.683969937089879e-05 

rostopic: '/imu0/raw' #Make sure this is correct
update_rate: 200.0 #Make sure this is correct

